-88.735344 30.000000 20.000000 -88.047249 -89.782418 0.000000 0.000000 0.000000
-88.937342 30.000000 22.000000 -88.943488 -90.847385 0.000000 0.000000 0.000000
-88.667175 30.000000 24.000000 -89.064322 -91.737728 0.000000 0.000000 0.000000
-88.618491 30.000000 26.000000 -89.115966 -91.661613 0.000000 0.000000 0.000000
-88.642031 30.000000 28.000000 -89.444622 -92.042663 0.000000 0.000000 0.000000
-88.842622 30.000000 30.000000 -90.198860 -92.343054 0.000000 0.000000 0.000000
-90.570371 30.000000 32.000000 -92.996495 -95.736091 0.000000 0.000000 0.000000
-94.935857 30.000000 34.000000 -96.493756 -99.664875 0.000000 0.000000 0.000000
-96.907353 30.000000 36.000000 -98.971134 -101.174438 0.000000 0.000000 0.000000
-101.905681 30.000000 38.000000 -102.990001 -106.098261 0.000000 0.000000 0.000000
-105.665460 30.000000 40.000000 -107.354590 -110.719927 0.000000 0.000000 0.000000
-107.281479 30.000000 42.000000 -110.579822 -111.672632 0.000000 0.000000 0.000000
-146.184307 30.000000 44.000000 -145.486843 -144.567028 0.000000 0.000000 0.000000
-144.823688 30.000000 46.000000 -145.426872 -144.292992 0.000000 0.000000 0.000000
-145.413036 30.000000 48.000000 -145.612539 -145.137186 0.000000 0.000000 0.000000
-144.346480 30.000000 50.000000 -145.102500 -144.397505 0.000000 0.000000 0.000000
-143.576359 30.000000 52.000000 -144.813174 -144.626926 0.000000 0.000000 0.000000
-143.003821 30.000000 54.000000 -144.895631 -143.889925 0.000000 0.000000 0.000000
-142.168087 30.000000 56.000000 -145.055523 -144.086808 0.000000 0.000000 0.000000
-141.798833 30.000000 58.000000 -144.300806 -144.492494 0.000000 0.000000 0.000000
-141.278846 30.000000 60.000000 -143.604040 -144.442468 0.000000 0.000000 0.000000
-141.397532 30.000000 62.000000 -143.851150 -143.843401 0.000000 0.000000 0.000000
-141.052683 30.000000 64.000000 -143.643034 -143.019614 0.000000 0.000000 0.000000
-141.590027 30.000000 66.000000 -142.659481 -143.374718 0.000000 0.000000 0.000000
-118.380319 30.000000 68.000000 -124.415577 -126.620972 0.000000 0.000000 0.000000
-141.309554 30.000000 70.000000 -142.383238 -143.445753 0.000000 0.000000 0.000000
-115.938926 30.000000 72.000000 -122.283135 -125.623059 0.000000 0.000000 0.000000
-103.473016 30.000000 74.000000 -107.897449 -111.745369 0.000000 0.000000 0.000000
-102.578559 30.000000 76.000000 -105.204056 -108.294993 0.000000 0.000000 0.000000
-96.620014 30.000000 78.000000 -100.885840 -104.398639 0.000000 0.000000 0.000000
-97.615531 30.000000 80.000000 -101.100651 -103.691797 0.000000 0.000000 0.000000
-94.000305 30.000000 82.000000 -97.414173 -99.991268 0.000000 0.000000 0.000000
-92.983954 30.000000 84.000000 -96.598962 -99.801463 0.000000 0.000000 0.000000
-92.055886 30.000000 86.000000 -96.480751 -98.407340 0.000000 0.000000 0.000000
-91.797436 30.000000 88.000000 -95.401449 -97.762392 0.000000 0.000000 0.000000
-90.692827 30.000000 90.000000 -93.982402 -96.505218 0.000000 0.000000 0.000000
-88.466992 32.000000 20.000000 -88.749905 -90.667561 0.000000 0.000000 0.000000
-88.397394 32.000000 22.000000 -88.378484 -90.712965 0.000000 0.000000 0.000000
-88.299807 32.000000 24.000000 -88.969680 -91.721918 0.000000 0.000000 0.000000
-88.371869 32.000000 26.000000 -89.154793 -91.240618 0.000000 0.000000 0.000000
-88.769265 32.000000 28.000000 -90.659797 -93.167421 0.000000 0.000000 0.000000
-89.365260 32.000000 30.000000 -90.914938 -94.362359 0.000000 0.000000 0.000000
-95.244069 32.000000 32.000000 -97.520774 -99.834054 0.000000 0.000000 0.000000
-99.328942 32.000000 34.000000 -102.579255 -106.059451 0.000000 0.000000 0.000000
-101.640752 32.000000 36.000000 -103.607110 -107.207455 0.000000 0.000000 0.000000
-130.727723 32.000000 38.000000 -131.857557 -134.445568 0.000000 0.000000 0.000000
-127.805747 32.000000 40.000000 -129.290351 -130.544059 0.000000 0.000000 0.000000
-146.040090 32.000000 42.000000 -145.665308 -144.295789 0.000000 0.000000 0.000000
-146.360367 32.000000 44.000000 -146.285420 -144.550975 0.000000 0.000000 0.000000
-146.077584 32.000000 46.000000 -146.974225 -144.758553 0.000000 0.000000 0.000000
-145.248508 32.000000 48.000000 -146.208033 -143.704160 0.000000 0.000000 0.000000
-144.552627 32.000000 50.000000 -145.992187 -144.861381 0.000000 0.000000 0.000000
-143.853568 32.000000 52.000000 -145.332167 -143.503526 0.000000 0.000000 0.000000
-143.115804 32.000000 54.000000 -145.537854 -144.477061 0.000000 0.000000 0.000000
-142.484753 32.000000 56.000000 -145.166013 -144.392329 0.000000 0.000000 0.000000
-142.555150 32.000000 58.000000 -144.954964 -145.005800 0.000000 0.000000 0.000000
-142.862431 32.000000 60.000000 -144.827446 -144.143840 0.000000 0.000000 0.000000
-141.960041 32.000000 62.000000 -144.319479 -144.151248 0.000000 0.000000 0.000000
-142.127417 32.000000 64.000000 -144.109363 -143.733813 0.000000 0.000000 0.000000
-142.005566 32.000000 66.000000 -143.503371 -143.588599 0.000000 0.000000 0.000000
-141.995060 32.000000 68.000000 -143.060563 -143.725512 0.000000 0.000000 0.000000
-142.050408 32.000000 70.000000 -142.697517 -143.341933 0.000000 0.000000 0.000000
-142.138983 32.000000 72.000000 -142.790169 -142.600854 0.000000 0.000000 0.000000
-142.276719 32.000000 74.000000 -142.750985 -142.812686 0.000000 0.000000 0.000000
-107.034091 32.000000 76.000000 -109.820190 -112.696740 0.000000 0.000000 0.000000
-141.339901 32.000000 78.000000 -142.119024 -141.171394 0.000000 0.000000 0.000000
-107.446098 32.000000 80.000000 -115.703496 -118.514181 0.000000 0.000000 0.000000
-102.916284 32.000000 82.000000 -105.057966 -108.517830 0.000000 0.000000 0.000000
-100.091422 32.000000 84.000000 -104.301787 -108.571189 0.000000 0.000000 0.000000
-102.232885 32.000000 86.000000 -108.939171 -109.261901 0.000000 0.000000 0.000000
-94.608965 32.000000 88.000000 -97.937823 -101.230634 0.000000 0.000000 0.000000
-96.570469 32.000000 90.000000 -101.431660 -103.817500 0.000000 0.000000 0.000000
-88.096895 34.000000 20.000000 -88.553830 -91.134026 0.000000 0.000000 0.000000
-88.061827 34.000000 22.000000 -88.438302 -91.478122 0.000000 0.000000 0.000000
-88.531725 34.000000 24.000000 -89.014824 -91.501186 0.000000 0.000000 0.000000
-89.237035 34.000000 26.000000 -89.085937 -91.904279 0.000000 0.000000 0.000000
-89.203828 34.000000 28.000000 -90.800436 -93.441446 0.000000 0.000000 0.000000
-92.697607 34.000000 30.000000 -95.633176 -97.982874 0.000000 0.000000 0.000000
-99.737675 34.000000 32.000000 -102.413414 -105.784781 0.000000 0.000000 0.000000
-104.207339 34.000000 34.000000 -108.358288 -106.846116 0.000000 0.000000 0.000000
-108.989236 34.000000 36.000000 -112.059811 -115.187862 0.000000 0.000000 0.000000
-147.216135 34.000000 38.000000 -146.593909 -144.212548 0.000000 0.000000 0.000000
-146.933680 34.000000 40.000000 -146.594800 -144.505246 0.000000 0.000000 0.000000
-147.042477 34.000000 42.000000 -146.902014 -144.199811 0.000000 0.000000 0.000000
-146.275898 34.000000 44.000000 -146.843082 -144.201133 0.000000 0.000000 0.000000
-145.777746 34.000000 46.000000 -146.449997 -143.920461 0.000000 0.000000 0.000000
-145.459271 34.000000 48.000000 -147.100132 -143.944236 0.000000 0.000000 0.000000
-145.097280 34.000000 50.000000 -146.204259 -144.390479 0.000000 0.000000 0.000000
-144.873252 34.000000 52.000000 -146.356229 -143.657622 0.000000 0.000000 0.000000
-144.052232 34.000000 54.000000 -145.795216 -144.403223 0.000000 0.000000 0.000000
-143.784031 34.000000 56.000000 -145.714111 -144.496569 0.000000 0.000000 0.000000
-143.366754 34.000000 58.000000 -145.706539 -143.744162 0.000000 0.000000 0.000000
-143.431226 34.000000 60.000000 -144.637980 -143.439310 0.000000 0.000000 0.000000
-142.742391 34.000000 62.000000 -145.073345 -143.348517 0.000000 0.000000 0.000000
-143.218184 34.000000 64.000000 -144.713788 -143.717149 0.000000 0.000000 0.000000
-143.407116 34.000000 66.000000 -143.893466 -143.089689 0.000000 0.000000 0.000000
-142.900063 34.000000 68.000000 -144.339643 -142.251267 0.000000 0.000000 0.000000
-143.191450 34.000000 70.000000 -144.262005 -143.187233 0.000000 0.000000 0.000000
-142.616692 34.000000 72.000000 -143.308981 -142.700445 0.000000 0.000000 0.000000
-142.403109 34.000000 74.000000 -143.711385 -142.078361 0.000000 0.000000 0.000000
-141.952206 34.000000 76.000000 -142.611546 -142.197295 0.000000 0.000000 0.000000
-141.815749 34.000000 78.000000 -142.545040 -141.716786 0.000000 0.000000 0.000000
-141.889842 34.000000 80.000000 -142.112448 -140.770639 0.000000 0.000000 0.000000
-140.992360 34.000000 82.000000 -141.078148 -141.286398 0.000000 0.000000 0.000000
-141.672800 34.000000 84.000000 -141.419442 -140.358872 0.000000 0.000000 0.000000
-139.652734 34.000000 86.000000 -141.190717 -139.228031 0.000000 0.000000 0.000000
-109.015957 34.000000 88.000000 -115.676631 -118.895734 0.000000 0.000000 0.000000
-131.777527 34.000000 90.000000 -136.310412 -137.525759 0.000000 0.000000 0.000000
-88.243197 36.000000 20.000000 -89.411869 -91.683923 0.000000 0.000000 0.000000
-88.484997 36.000000 22.000000 -89.445921 -91.249612 0.000000 0.000000 0.000000
-88.846462 36.000000 24.000000 -89.382679 -91.463553 0.000000 0.000000 0.000000
-89.099571 36.000000 26.000000 -90.208863 -92.366917 0.000000 0.000000 0.000000
-91.057718 36.000000 28.000000 -94.408383 -96.554729 0.000000 0.000000 0.000000
-96.416070 36.000000 30.000000 -98.326060 -101.719909 0.000000 0.000000 0.000000
-104.681662 36.000000 32.000000 -105.261646 -110.675566 0.000000 0.000000 0.000000
-110.173800 36.000000 34.000000 -110.551201 -112.939272 0.000000 0.000000 0.000000
-147.115775 36.000000 36.000000 -146.964844 -144.081607 0.000000 0.000000 0.000000
-147.453386 36.000000 38.000000 -147.111780 -144.791173 0.000000 0.000000 0.000000
-147.546990 36.000000 40.000000 -146.795111 -144.171832 0.000000 0.000000 0.000000
-147.428186 36.000000 42.000000 -147.192532 -144.507392 0.000000 0.000000 0.000000
-146.765080 36.000000 44.000000 -147.644106 -144.113504 0.000000 0.000000 0.000000
-146.598601 36.000000 46.000000 -147.135302 -143.636794 0.000000 0.000000 0.000000
-146.292717 36.000000 48.000000 -147.462345 -143.835413 0.000000 0.000000 0.000000
-144.814645 36.000000 50.000000 -146.121766 -143.539694 0.000000 0.000000 0.000000
-144.991677 36.000000 52.000000 -146.433601 -143.439631 0.000000 0.000000 0.000000
-145.122613 36.000000 54.000000 -146.583662 -143.882354 0.000000 0.000000 0.000000
-144.724041 36.000000 56.000000 -146.365126 -143.966229 0.000000 0.000000 0.000000
-143.952381 36.000000 58.000000 -146.096134 -143.423023 0.000000 0.000000 0.000000
-143.725838 36.000000 60.000000 -145.530999 -143.516164 0.000000 0.000000 0.000000
-144.128672 36.000000 62.000000 -145.613580 -143.596750 0.000000 0.000000 0.000000
-144.037293 36.000000 64.000000 -145.490116 -143.985866 0.000000 0.000000 0.000000
-144.588080 36.000000 66.000000 -145.322651 -143.069951 0.000000 0.000000 0.000000
-144.389469 36.000000 68.000000 -145.164547 -142.775928 0.000000 0.000000 0.000000
-143.821461 36.000000 70.000000 -144.405293 -142.758952 0.000000 0.000000 0.000000
-143.496254 36.000000 72.000000 -144.317802 -142.646193 0.000000 0.000000 0.000000
-143.659810 36.000000 74.000000 -144.170171 -141.514467 0.000000 0.000000 0.000000
-143.250245 36.000000 76.000000 -143.448969 -141.633272 0.000000 0.000000 0.000000
-143.028825 36.000000 78.000000 -143.394803 -140.978412 0.000000 0.000000 0.000000
-142.801839 36.000000 80.000000 -143.043328 -141.092662 0.000000 0.000000 0.000000
-141.746235 36.000000 82.000000 -142.383033 -140.642518 0.000000 0.000000 0.000000
-141.428454 36.000000 84.000000 -142.118461 -139.673481 0.000000 0.000000 0.000000
-140.021848 36.000000 86.000000 -140.967425 -139.223041 0.000000 0.000000 0.000000
-140.348264 36.000000 88.000000 -141.041993 -140.067190 0.000000 0.000000 0.000000
-115.961271 36.000000 90.000000 -121.605982 -123.086648 0.000000 0.000000 0.000000
-88.844217 38.000000 20.000000 -89.299788 -91.401263 0.000000 0.000000 0.000000
-88.125460 38.000000 22.000000 -89.767477 -91.741437 0.000000 0.000000 0.000000
-88.801218 38.000000 24.000000 -89.999591 -92.315088 0.000000 0.000000 0.000000
-89.215799 38.000000 26.000000 -91.159412 -93.559096 0.000000 0.000000 0.000000
-95.433611 38.000000 28.000000 -98.276552 -101.024842 0.000000 0.000000 0.000000
-98.853326 38.000000 30.000000 -101.575055 -103.040807 0.000000 0.000000 0.000000
-146.902295 38.000000 32.000000 -147.086760 -142.731170 0.000000 0.000000 0.000000
-147.025953 38.000000 34.000000 -147.024121 -143.564979 0.000000 0.000000 0.000000
-147.077569 38.000000 36.000000 -146.646625 -143.359186 0.000000 0.000000 0.000000
-147.155311 38.000000 38.000000 -146.872054 -144.005912 0.000000 0.000000 0.000000
-147.477437 38.000000 40.000000 -147.240194 -144.103857 0.000000 0.000000 0.000000
-147.337457 38.000000 42.000000 -147.337385 -143.680006 0.000000 0.000000 0.000000
-146.112792 38.000000 44.000000 -146.899600 -143.303938 0.000000 0.000000 0.000000
-147.225666 38.000000 46.000000 -147.549842 -142.758839 0.000000 0.000000 0.000000
-146.022667 38.000000 48.000000 -147.256297 -143.386610 0.000000 0.000000 0.000000
-145.408377 38.000000 50.000000 -146.652735 -142.937303 0.000000 0.000000 0.000000
-145.327741 38.000000 52.000000 -146.577136 -143.896608 0.000000 0.000000 0.000000
-144.491464 38.000000 54.000000 -146.258917 -143.038094 0.000000 0.000000 0.000000
-144.914835 38.000000 56.000000 -147.158687 -143.017686 0.000000 0.000000 0.000000
-144.330904 38.000000 58.000000 -145.636973 -143.095502 0.000000 0.000000 0.000000
-145.059728 38.000000 60.000000 -146.369660 -143.050617 0.000000 0.000000 0.000000
-143.844644 38.000000 62.000000 -145.913294 -142.884825 0.000000 0.000000 0.000000
-144.702047 38.000000 64.000000 -146.043633 -142.624171 0.000000 0.000000 0.000000
-144.809798 38.000000 66.000000 -145.901646 -143.405866 0.000000 0.000000 0.000000
-144.745958 38.000000 68.000000 -145.446355 -143.011995 0.000000 0.000000 0.000000
-144.755121 38.000000 70.000000 -145.475358 -142.168001 0.000000 0.000000 0.000000
-144.694842 38.000000 72.000000 -145.137042 -141.782228 0.000000 0.000000 0.000000
-144.154511 38.000000 74.000000 -144.223149 -141.526990 0.000000 0.000000 0.000000
-143.525136 38.000000 76.000000 -143.391657 -140.781742 0.000000 0.000000 0.000000
-143.277294 38.000000 78.000000 -143.209050 -140.856689 0.000000 0.000000 0.000000
-142.882649 38.000000 80.000000 -143.162131 -140.554600 0.000000 0.000000 0.000000
-141.998402 38.000000 82.000000 -143.241696 -140.561871 0.000000 0.000000 0.000000
-141.721828 38.000000 84.000000 -142.062161 -139.257943 0.000000 0.000000 0.000000
-141.346673 38.000000 86.000000 -142.311396 -139.201881 0.000000 0.000000 0.000000
-141.216858 38.000000 88.000000 -142.055886 -139.537014 0.000000 0.000000 0.000000
-140.046138 38.000000 90.000000 -140.203251 -137.959459 0.000000 0.000000 0.000000
-88.635712 40.000000 20.000000 -89.537507 -91.820491 0.000000 0.000000 0.000000
-88.819651 40.000000 22.000000 -89.956534 -92.403045 0.000000 0.000000 0.000000
-89.147573 40.000000 24.000000 -89.798002 -92.137049 0.000000 0.000000 0.000000
-93.090579 40.000000 26.000000 -95.680438 -97.887234 0.000000 0.000000 0.000000
-101.337072 40.000000 28.000000 -104.242191 -106.893031 0.000000 0.000000 0.000000
-135.406173 40.000000 30.000000 -138.756522 -140.197432 0.000000 0.000000 0.000000
-146.801401 40.000000 32.000000 -146.719362 -142.827664 0.000000 0.000000 0.000000
-148.173357 40.000000 34.000000 -147.303689 -143.040343 0.000000 0.000000 0.000000
-147.834680 40.000000 36.000000 -147.672727 -143.867102 0.000000 0.000000 0.000000
-147.990967 40.000000 38.000000 -147.610745 -142.958510 0.000000 0.000000 0.000000
-147.717009 40.000000 40.000000 -147.851267 -143.176597 0.000000 0.000000 0.000000
-147.338355 40.000000 42.000000 -147.388979 -143.198316 0.000000 0.000000 0.000000
-147.497286 40.000000 44.000000 -147.576608 -143.230374 0.000000 0.000000 0.000000
-147.097449 40.000000 46.000000 -147.727898 -143.127997 0.000000 0.000000 0.000000
-146.796669 40.000000 48.000000 -146.572887 -143.244702 0.000000 0.000000 0.000000
-146.489366 40.000000 50.000000 -147.172662 -142.670015 0.000000 0.000000 0.000000
-146.105323 40.000000 52.000000 -147.234978 -142.953918 0.000000 0.000000 0.000000
-145.867043 40.000000 54.000000 -147.073567 -142.937506 0.000000 0.000000 0.000000
-145.051789 40.000000 56.000000 -146.750551 -142.558185 0.000000 0.000000 0.000000
-145.721373 40.000000 58.000000 -147.161210 -142.976427 0.000000 0.000000 0.000000
-145.125993 40.000000 60.000000 -146.806426 -142.637998 0.000000 0.000000 0.000000
-145.508470 40.000000 62.000000 -146.781918 -142.828434 0.000000 0.000000 0.000000
-145.528836 40.000000 64.000000 -146.211833 -142.968380 0.000000 0.000000 0.000000
-144.964725 40.000000 66.000000 -145.247605 -141.508950 0.000000 0.000000 0.000000
-144.978196 40.000000 68.000000 -146.023755 -141.748749 0.000000 0.000000 0.000000
-144.970801 40.000000 70.000000 -145.198762 -141.976201 0.000000 0.000000 0.000000
-144.774537 40.000000 72.000000 -145.376514 -141.244643 0.000000 0.000000 0.000000
-144.597923 40.000000 74.000000 -145.264855 -140.760662 0.000000 0.000000 0.000000
-144.117779 40.000000 76.000000 -144.805816 -141.236502 0.000000 0.000000 0.000000
-143.557842 40.000000 78.000000 -144.508365 -140.317248 0.000000 0.000000 0.000000
-142.941456 40.000000 80.000000 -143.394225 -139.211173 0.000000 0.000000 0.000000
-142.497233 40.000000 82.000000 -142.787418 -139.151074 0.000000 0.000000 0.000000
-141.844178 40.000000 84.000000 -142.919664 -139.823598 0.000000 0.000000 0.000000
-141.643736 40.000000 86.000000 -142.158523 -139.247279 0.000000 0.000000 0.000000
-140.610409 40.000000 88.000000 -141.494821 -138.300007 0.000000 0.000000 0.000000
-139.517481 40.000000 90.000000 -140.508885 -138.257751 0.000000 0.000000 0.000000
-88.697527 42.000000 20.000000 -89.894385 -92.306156 0.000000 0.000000 0.000000
-89.305384 42.000000 22.000000 -91.010946 -93.320777 0.000000 0.000000 0.000000
-90.499494 42.000000 24.000000 -92.287068 -95.042523 0.000000 0.000000 0.000000
-95.586381 42.000000 26.000000 -98.518983 -101.221559 0.000000 0.000000 0.000000
-109.923015 42.000000 28.000000 -112.570289 -114.670102 0.000000 0.000000 0.000000
-147.370127 42.000000 30.000000 -147.314347 -142.235150 0.000000 0.000000 0.000000
-147.759831 42.000000 32.000000 -147.472180 -142.389903 0.000000 0.000000 0.000000
-147.372603 42.000000 34.000000 -147.062391 -142.735833 0.000000 0.000000 0.000000
-146.683252 42.000000 36.000000 -147.056557 -142.985694 0.000000 0.000000 0.000000
-147.695662 42.000000 38.000000 -147.913415 -142.753872 0.000000 0.000000 0.000000
-147.323571 42.000000 40.000000 -148.047892 -141.897731 0.000000 0.000000 0.000000
-147.664117 42.000000 42.000000 -148.451730 -142.668387 0.000000 0.000000 0.000000
-147.365067 42.000000 44.000000 -147.909652 -142.708761 0.000000 0.000000 0.000000
-146.464342 42.000000 46.000000 -147.352487 -142.063733 0.000000 0.000000 0.000000
-146.977962 42.000000 48.000000 -147.743833 -142.565104 0.000000 0.000000 0.000000
-146.114455 42.000000 50.000000 -147.508297 -142.355900 0.000000 0.000000 0.000000
-145.948414 42.000000 52.000000 -147.582527 -141.956926 0.000000 0.000000 0.000000
-146.106115 42.000000 54.000000 -147.034287 -142.430959 0.000000 0.000000 0.000000
-145.577393 42.000000 56.000000 -146.756316 -142.565630 0.000000 0.000000 0.000000
-145.322766 42.000000 58.000000 -146.578165 -142.439498 0.000000 0.000000 0.000000
-146.174231 42.000000 60.000000 -146.849790 -141.703803 0.000000 0.000000 0.000000
-146.135562 42.000000 62.000000 -147.292499 -141.782027 0.000000 0.000000 0.000000
-145.695535 42.000000 64.000000 -146.166419 -141.919335 0.000000 0.000000 0.000000
-145.175039 42.000000 66.000000 -146.114683 -141.830911 0.000000 0.000000 0.000000
-145.978633 42.000000 68.000000 -146.865136 -141.713892 0.000000 0.000000 0.000000
-145.118584 42.000000 70.000000 -145.751736 -141.064997 0.000000 0.000000 0.000000
-145.057524 42.000000 72.000000 -145.255695 -140.073463 0.000000 0.000000 0.000000
-144.386961 42.000000 74.000000 -144.896044 -139.786740 0.000000 0.000000 0.000000
-143.965900 42.000000 76.000000 -144.585452 -140.364283 0.000000 0.000000 0.000000
-143.779984 42.000000 78.000000 -144.802652 -139.623344 0.000000 0.000000 0.000000
-143.363619 42.000000 80.000000 -143.853428 -138.936104 0.000000 0.000000 0.000000
-142.272805 42.000000 82.000000 -143.155216 -139.269057 0.000000 0.000000 0.000000
-142.179904 42.000000 84.000000 -142.916959 -139.041946 0.000000 0.000000 0.000000
-141.575144 42.000000 86.000000 -142.680055 -138.563603 0.000000 0.000000 0.000000
-140.507761 42.000000 88.000000 -141.889755 -137.382077 0.000000 0.000000 0.000000
-139.580227 42.000000 90.000000 -140.723419 -136.888760 0.000000 0.000000 0.000000
-88.929227 44.000000 20.000000 -90.525796 -92.139334 0.000000 0.000000 0.000000
-89.363120 44.000000 22.000000 -91.398379 -93.938575 0.000000 0.000000 0.000000
-90.499763 44.000000 24.000000 -92.636978 -94.774938 0.000000 0.000000 0.000000
-98.832826 44.000000 26.000000 -102.219133 -105.345911 0.000000 0.000000 0.000000
-144.831678 44.000000 28.000000 -145.511729 -142.563000 0.000000 0.000000 0.000000
-147.791431 44.000000 30.000000 -147.511344 -142.623378 0.000000 0.000000 0.000000
-147.814576 44.000000 32.000000 -148.604807 -141.620399 0.000000 0.000000 0.000000
-148.281519 44.000000 34.000000 -148.197041 -142.650654 0.000000 0.000000 0.000000
-148.390141 44.000000 36.000000 -147.919880 -142.220561 0.000000 0.000000 0.000000
-148.085491 44.000000 38.000000 -148.077365 -142.026587 0.000000 0.000000 0.000000
-148.058521 44.000000 40.000000 -147.689829 -142.377432 0.000000 0.000000 0.000000
-147.345874 44.000000 42.000000 -147.200333 -141.275344 0.000000 0.000000 0.000000
-147.656092 44.000000 44.000000 -147.206188 -142.193985 0.000000 0.000000 0.000000
-147.191745 44.000000 46.000000 -147.983179 -142.156659 0.000000 0.000000 0.000000
-146.839174 44.000000 48.000000 -147.808819 -141.675858 0.000000 0.000000 0.000000
-146.831015 44.000000 50.000000 -147.523949 -142.076001 0.000000 0.000000 0.000000
-146.088804 44.000000 52.000000 -147.160921 -141.690768 0.000000 0.000000 0.000000
-146.283723 44.000000 54.000000 -147.478225 -141.528431 0.000000 0.000000 0.000000
-146.019171 44.000000 56.000000 -147.365766 -141.665000 0.000000 0.000000 0.000000
-146.017864 44.000000 58.000000 -147.162578 -141.760733 0.000000 0.000000 0.000000
-145.980603 44.000000 60.000000 -146.726663 -142.034388 0.000000 0.000000 0.000000
-145.712561 44.000000 62.000000 -147.145545 -141.639605 0.000000 0.000000 0.000000
-145.542720 44.000000 64.000000 -146.950766 -141.437227 0.000000 0.000000 0.000000
-146.253251 44.000000 66.000000 -147.286204 -141.733965 0.000000 0.000000 0.000000
-146.005505 44.000000 68.000000 -146.450232 -140.930849 0.000000 0.000000 0.000000
-145.462670 44.000000 70.000000 -145.990370 -140.104510 0.000000 0.000000 0.000000
-144.776814 44.000000 72.000000 -145.767311 -140.444743 0.000000 0.000000 0.000000
-144.979010 44.000000 74.000000 -145.278031 -140.556123 0.000000 0.000000 0.000000
-144.547047 44.000000 76.000000 -145.094895 -138.857445 0.000000 0.000000 0.000000
-144.137340 44.000000 78.000000 -144.585259 -139.225337 0.000000 0.000000 0.000000
-142.880568 44.000000 80.000000 -143.789220 -138.787484 0.000000 0.000000 0.000000
-143.169122 44.000000 82.000000 -144.168490 -138.222094 0.000000 0.000000 0.000000
-141.947362 44.000000 84.000000 -143.345266 -138.261300 0.000000 0.000000 0.000000
-141.394121 44.000000 86.000000 -142.336387 -137.192345 0.000000 0.000000 0.000000
-140.666546 44.000000 88.000000 -141.968263 -136.971073 0.000000 0.000000 0.000000
-139.561279 44.000000 90.000000 -140.232626 -137.529426 0.000000 0.000000 0.000000
-89.193580 46.000000 20.000000 -91.808908 -93.078859 0.000000 0.000000 0.000000
-90.045323 46.000000 22.000000 -93.286580 -94.565243 0.000000 0.000000 0.000000
-94.296452 46.000000 24.000000 -98.070179 -100.385675 0.000000 0.000000 0.000000
-107.055102 46.000000 26.000000 -111.036153 -112.958704 0.000000 0.000000 0.000000
-147.248185 46.000000 28.000000 -146.758043 -140.840455 0.000000 0.000000 0.000000
-147.989531 46.000000 30.000000 -147.670469 -141.620268 0.000000 0.000000 0.000000
-148.057196 46.000000 32.000000 -147.569792 -141.130220 0.000000 0.000000 0.000000
-148.242386 46.000000 34.000000 -148.649651 -141.523770 0.000000 0.000000 0.000000
-148.223389 46.000000 36.000000 -148.423284 -141.808385 0.000000 0.000000 0.000000
-147.723277 46.000000 38.000000 -148.401509 -141.270951 0.000000 0.000000 0.000000
-147.760028 46.000000 40.000000 -147.845760 -141.390472 0.000000 0.000000 0.000000
-148.625552 46.000000 42.000000 -148.581037 -141.495371 0.000000 0.000000 0.000000
-147.582218 46.000000 44.000000 -147.724510 -141.699957 0.000000 0.000000 0.000000
-147.665830 46.000000 46.000000 -148.456923 -141.786078 0.000000 0.000000 0.000000
-147.506479 46.000000 48.000000 -148.054371 -142.086729 0.000000 0.000000 0.000000
-146.943114 46.000000 50.000000 -147.793651 -141.915978 0.000000 0.000000 0.000000
-146.104428 46.000000 52.000000 -146.843957 -140.931037 0.000000 0.000000 0.000000
-146.802027 46.000000 54.000000 -148.460742 -141.635937 0.000000 0.000000 0.000000
-146.058814 46.000000 56.000000 -147.560395 -141.384483 0.000000 0.000000 0.000000
-146.520144 46.000000 58.000000 -147.805363 -141.514387 0.000000 0.000000 0.000000
-146.071350 46.000000 60.000000 -146.602396 -140.901361 0.000000 0.000000 0.000000
-146.833927 46.000000 62.000000 -146.987204 -140.399467 0.000000 0.000000 0.000000
-146.046237 46.000000 64.000000 -147.295923 -140.914134 0.000000 0.000000 0.000000
-145.789175 46.000000 66.000000 -146.934022 -140.474864 0.000000 0.000000 0.000000
-145.971371 46.000000 68.000000 -146.869981 -140.857812 0.000000 0.000000 0.000000
-146.002223 46.000000 70.000000 -146.236774 -140.100219 0.000000 0.000000 0.000000
-145.119671 46.000000 72.000000 -146.742609 -139.719381 0.000000 0.000000 0.000000
-144.989198 46.000000 74.000000 -145.841917 -139.186164 0.000000 0.000000 0.000000
-144.559184 46.000000 76.000000 -145.836153 -139.093549 0.000000 0.000000 0.000000
-143.882692 46.000000 78.000000 -145.074601 -138.707420 0.000000 0.000000 0.000000
-143.257552 46.000000 80.000000 -143.820825 -137.832068 0.000000 0.000000 0.000000
-143.062416 46.000000 82.000000 -143.946964 -138.140354 0.000000 0.000000 0.000000
-142.172104 46.000000 84.000000 -143.266686 -136.779677 0.000000 0.000000 0.000000
-141.231088 46.000000 86.000000 -142.145892 -137.343140 0.000000 0.000000 0.000000
-140.194994 46.000000 88.000000 -142.059628 -136.937628 0.000000 0.000000 0.000000
-139.036640 46.000000 90.000000 -140.871870 -135.554913 0.000000 0.000000 0.000000
-89.755986 48.000000 20.000000 -92.414491 -92.960038 0.000000 0.000000 0.000000
-91.012957 48.000000 22.000000 -94.740028 -96.982038 0.000000 0.000000 0.000000
-97.434606 48.000000 24.000000 -100.710842 -102.532862 0.000000 0.000000 0.000000
-108.109463 48.000000 26.000000 -108.903274 -110.798983 0.000000 0.000000 0.000000
-147.397967 48.000000 28.000000 -147.757396 -140.766943 0.000000 0.000000 0.000000
-147.677731 48.000000 30.000000 -147.604918 -141.448292 0.000000 0.000000 0.000000
-148.426345 48.000000 32.000000 -148.556417 -141.258528 0.000000 0.000000 0.000000
-148.034630 48.000000 34.000000 -148.100040 -140.442702 0.000000 0.000000 0.000000
-148.275290 48.000000 36.000000 -147.595065 -140.863508 0.000000 0.000000 0.000000
-147.176115 48.000000 38.000000 -146.695198 -141.499269 0.000000 0.000000 0.000000
-148.263522 48.000000 40.000000 -148.381648 -140.671326 0.000000 0.000000 0.000000
-147.991144 48.000000 42.000000 -148.233223 -141.997668 0.000000 0.000000 0.000000
-146.980022 48.000000 44.000000 -147.363192 -141.443851 0.000000 0.000000 0.000000
-147.578175 48.000000 46.000000 -147.370257 -141.298149 0.000000 0.000000 0.000000
-147.344602 48.000000 48.000000 -148.388940 -141.769681 0.000000 0.000000 0.000000
-146.478867 48.000000 50.000000 -147.507176 -141.078268 0.000000 0.000000 0.000000
-146.649639 48.000000 52.000000 -147.417077 -141.262615 0.000000 0.000000 0.000000
-146.461681 48.000000 54.000000 -147.452757 -140.919104 0.000000 0.000000 0.000000
-147.084387 48.000000 56.000000 -147.932055 -140.950206 0.000000 0.000000 0.000000
-145.919028 48.000000 58.000000 -147.256455 -140.866684 0.000000 0.000000 0.000000
-146.838727 48.000000 60.000000 -147.652458 -141.550935 0.000000 0.000000 0.000000
-145.938111 48.000000 62.000000 -146.772837 -139.773788 0.000000 0.000000 0.000000
-146.713782 48.000000 64.000000 -147.455965 -140.970784 0.000000 0.000000 0.000000
-146.462655 48.000000 66.000000 -147.602551 -140.405460 0.000000 0.000000 0.000000
-146.391117 48.000000 68.000000 -147.753429 -140.517702 0.000000 0.000000 0.000000
-145.597695 48.000000 70.000000 -145.877250 -139.265799 0.000000 0.000000 0.000000
-145.035707 48.000000 72.000000 -146.231592 -138.722668 0.000000 0.000000 0.000000
-145.249361 48.000000 74.000000 -146.137780 -139.391234 0.000000 0.000000 0.000000
-144.062745 48.000000 76.000000 -145.427184 -138.517280 0.000000 0.000000 0.000000
-143.687645 48.000000 78.000000 -144.694714 -138.249392 0.000000 0.000000 0.000000
-142.821899 48.000000 80.000000 -144.362548 -138.501548 0.000000 0.000000 0.000000
-142.541672 48.000000 82.000000 -143.910030 -137.485243 0.000000 0.000000 0.000000
-142.091672 48.000000 84.000000 -143.565012 -136.742815 0.000000 0.000000 0.000000
-141.168853 48.000000 86.000000 -142.298495 -136.715314 0.000000 0.000000 0.000000
-140.475449 48.000000 88.000000 -141.841537 -135.808788 0.000000 0.000000 0.000000
-139.605857 48.000000 90.000000 -141.287093 -136.578737 0.000000 0.000000 0.000000
-89.525186 50.000000 20.000000 -92.314659 -94.154927 0.000000 0.000000 0.000000
-93.446058 50.000000 22.000000 -96.634888 -98.557232 0.000000 0.000000 0.000000
-146.260655 50.000000 24.000000 -146.281353 -139.418661 0.000000 0.000000 0.000000
-147.380406 50.000000 26.000000 -147.966270 -140.037630 0.000000 0.000000 0.000000
-148.413199 50.000000 28.000000 -148.538370 -140.539885 0.000000 0.000000 0.000000
-148.375274 50.000000 30.000000 -148.103561 -140.378200 0.000000 0.000000 0.000000
-147.843240 50.000000 32.000000 -148.750284 -140.473181 0.000000 0.000000 0.000000
-148.267041 50.000000 34.000000 -147.928451 -140.666835 0.000000 0.000000 0.000000
-148.022436 50.000000 36.000000 -148.375271 -140.285537 0.000000 0.000000 0.000000
-148.836028 50.000000 38.000000 -148.487211 -140.525405 0.000000 0.000000 0.000000
-148.032879 50.000000 40.000000 -147.906635 -140.484976 0.000000 0.000000 0.000000
-148.134976 50.000000 42.000000 -148.178534 -139.963399 0.000000 0.000000 0.000000
-148.038185 50.000000 44.000000 -148.792524 -141.526179 0.000000 0.000000 0.000000
-148.215055 50.000000 46.000000 -148.226931 -140.101118 0.000000 0.000000 0.000000
-147.170590 50.000000 48.000000 -147.485189 -140.448383 0.000000 0.000000 0.000000
-147.868295 50.000000 50.000000 -147.849977 -140.885018 0.000000 0.000000 0.000000
-147.438917 50.000000 52.000000 -148.875620 -140.990460 0.000000 0.000000 0.000000
-147.205004 50.000000 54.000000 -147.904541 -140.459026 0.000000 0.000000 0.000000
-147.225878 50.000000 56.000000 -148.109055 -139.912143 0.000000 0.000000 0.000000
-147.208579 50.000000 58.000000 -147.343687 -139.922839 0.000000 0.000000 0.000000
-146.872823 50.000000 60.000000 -148.150432 -140.438180 0.000000 0.000000 0.000000
-146.410210 50.000000 62.000000 -147.637841 -140.097360 0.000000 0.000000 0.000000
-146.376760 50.000000 64.000000 -147.813249 -139.721423 0.000000 0.000000 0.000000
-146.133355 50.000000 66.000000 -146.661190 -139.607057 0.000000 0.000000 0.000000
-146.577649 50.000000 68.000000 -146.694445 -138.899266 0.000000 0.000000 0.000000
-145.162310 50.000000 70.000000 -146.436401 -138.480463 0.000000 0.000000 0.000000
-145.915380 50.000000 72.000000 -146.865069 -138.777498 0.000000 0.000000 0.000000
-144.899698 50.000000 74.000000 -145.657504 -137.333951 0.000000 0.000000 0.000000
-144.667984 50.000000 76.000000 -144.683834 -137.777198 0.000000 0.000000 0.000000
-143.979769 50.000000 78.000000 -144.624010 -138.004216 0.000000 0.000000 0.000000
-143.433401 50.000000 80.000000 -144.535319 -137.332239 0.000000 0.000000 0.000000
-142.417549 50.000000 82.000000 -143.462065 -136.376887 0.000000 0.000000 0.000000
-141.730862 50.000000 84.000000 -143.569879 -135.630622 0.000000 0.000000 0.000000
-140.628227 50.000000 86.000000 -142.391260 -134.978803 0.000000 0.000000 0.000000
-139.447823 50.000000 88.000000 -141.566623 -135.006942 0.000000 0.000000 0.000000
-138.867729 50.000000 90.000000 -139.925139 -134.289799 0.000000 0.000000 0.000000
-91.111251 52.000000 20.000000 -94.788315 -96.671078 0.000000 0.000000 0.000000
-102.587479 52.000000 22.000000 -107.973209 -109.951972 0.000000 0.000000 0.000000
-147.044579 52.000000 24.000000 -146.958876 -139.337717 0.000000 0.000000 0.000000
-147.864657 52.000000 26.000000 -148.285947 -140.012420 0.000000 0.000000 0.000000
-148.293789 52.000000 28.000000 -147.854524 -139.748108 0.000000 0.000000 0.000000
-148.433334 52.000000 30.000000 -148.807082 -139.940971 0.000000 0.000000 0.000000
-147.199432 52.000000 32.000000 -147.187864 -139.684660 0.000000 0.000000 0.000000
-148.786774 52.000000 34.000000 -148.156304 -139.724366 0.000000 0.000000 0.000000
-148.816929 52.000000 36.000000 -148.918016 -140.219928 0.000000 0.000000 0.000000
-147.909006 52.000000 38.000000 -148.704053 -139.887375 0.000000 0.000000 0.000000
-147.660756 52.000000 40.000000 -147.604670 -139.669759 0.000000 0.000000 0.000000
-148.422792 52.000000 42.000000 -148.393805 -140.429140 0.000000 0.000000 0.000000
-148.341669 52.000000 44.000000 -148.365141 -140.364572 0.000000 0.000000 0.000000
-148.478274 52.000000 46.000000 -148.459480 -140.064229 0.000000 0.000000 0.000000
-147.252410 52.000000 48.000000 -147.824044 -140.353307 0.000000 0.000000 0.000000
-148.124099 52.000000 50.000000 -148.319197 -140.425729 0.000000 0.000000 0.000000
-147.912767 52.000000 52.000000 -148.343289 -139.724872 0.000000 0.000000 0.000000
-147.381621 52.000000 54.000000 -147.298536 -139.617547 0.000000 0.000000 0.000000
-147.701236 52.000000 56.000000 -147.925315 -139.741078 0.000000 0.000000 0.000000
-147.902474 52.000000 58.000000 -148.031883 -139.281899 0.000000 0.000000 0.000000
-146.900882 52.000000 60.000000 -147.830200 -139.586995 0.000000 0.000000 0.000000
-147.592901 52.000000 62.000000 -147.846966 -139.725251 0.000000 0.000000 0.000000
-147.412564 52.000000 64.000000 -147.407734 -139.460987 0.000000 0.000000 0.000000
-146.587469 52.000000 66.000000 -147.604636 -139.168296 0.000000 0.000000 0.000000
-146.700861 52.000000 68.000000 -147.755583 -139.008033 0.000000 0.000000 0.000000
-146.370738 52.000000 70.000000 -147.560833 -137.842572 0.000000 0.000000 0.000000
-145.818836 52.000000 72.000000 -146.661348 -136.958493 0.000000 0.000000 0.000000
-144.667364 52.000000 74.000000 -145.692698 -138.016086 0.000000 0.000000 0.000000
-144.312890 52.000000 76.000000 -145.642076 -136.538911 0.000000 0.000000 0.000000
-143.778173 52.000000 78.000000 -144.476730 -136.624375 0.000000 0.000000 0.000000
-143.164072 52.000000 80.000000 -144.292099 -136.675355 0.000000 0.000000 0.000000
-142.244137 52.000000 82.000000 -144.325194 -136.277103 0.000000 0.000000 0.000000
-140.873790 52.000000 84.000000 -142.966415 -135.533590 0.000000 0.000000 0.000000
-139.461990 52.000000 86.000000 -141.680096 -135.033621 0.000000 0.000000 0.000000
-138.067522 52.000000 88.000000 -140.751131 -134.233541 0.000000 0.000000 0.000000
-137.493950 52.000000 90.000000 -140.079461 -134.691284 0.000000 0.000000 0.000000
-94.439935 54.000000 20.000000 -99.800210 -101.210199 0.000000 0.000000 0.000000
-109.615099 54.000000 22.000000 -117.083370 -120.296623 0.000000 0.000000 0.000000
-147.271543 54.000000 24.000000 -147.574127 -138.787539 0.000000 0.000000 0.000000
-147.757269 54.000000 26.000000 -147.485511 -139.905118 0.000000 0.000000 0.000000
-148.208488 54.000000 28.000000 -149.143243 -139.871310 0.000000 0.000000 0.000000
-148.432376 54.000000 30.000000 -148.169187 -140.142184 0.000000 0.000000 0.000000
-148.479179 54.000000 32.000000 -148.497081 -139.101096 0.000000 0.000000 0.000000
-148.792271 54.000000 34.000000 -148.861045 -139.779219 0.000000 0.000000 0.000000
-148.121427 54.000000 36.000000 -147.981411 -139.121549 0.000000 0.000000 0.000000
-148.177224 54.000000 38.000000 -148.193761 -140.177135 0.000000 0.000000 0.000000
-148.388253 54.000000 40.000000 -147.798223 -139.504597 0.000000 0.000000 0.000000
-148.365462 54.000000 42.000000 -148.589837 -139.974592 0.000000 0.000000 0.000000
-147.764706 54.000000 44.000000 -147.697929 -139.262999 0.000000 0.000000 0.000000
-147.572984 54.000000 46.000000 -147.669491 -139.033748 0.000000 0.000000 0.000000
-148.071648 54.000000 48.000000 -148.633060 -139.454322 0.000000 0.000000 0.000000
-147.963533 54.000000 50.000000 -148.181198 -140.165756 0.000000 0.000000 0.000000
-147.398032 54.000000 52.000000 -147.957532 -139.530349 0.000000 0.000000 0.000000
-147.649370 54.000000 54.000000 -147.769847 -139.472523 0.000000 0.000000 0.000000
-147.466142 54.000000 56.000000 -148.286331 -138.988225 0.000000 0.000000 0.000000
-147.351749 54.000000 58.000000 -148.276924 -139.001304 0.000000 0.000000 0.000000
-147.213220 54.000000 60.000000 -147.657796 -138.484876 0.000000 0.000000 0.000000
-146.819182 54.000000 62.000000 -147.245163 -138.560403 0.000000 0.000000 0.000000
-146.920493 54.000000 64.000000 -147.611875 -138.887322 0.000000 0.000000 0.000000
-147.358535 54.000000 66.000000 -148.035478 -138.697402 0.000000 0.000000 0.000000
-146.918499 54.000000 68.000000 -147.040908 -137.975600 0.000000 0.000000 0.000000
-146.613922 54.000000 70.000000 -146.263789 -137.971332 0.000000 0.000000 0.000000
-145.187598 54.000000 72.000000 -146.293761 -136.949432 0.000000 0.000000 0.000000
-145.533939 54.000000 74.000000 -146.236510 -136.998498 0.000000 0.000000 0.000000
-143.865513 54.000000 76.000000 -145.225844 -136.135902 0.000000 0.000000 0.000000
-144.121226 54.000000 78.000000 -145.241249 -136.507905 0.000000 0.000000 0.000000
-143.539515 54.000000 80.000000 -144.883931 -136.088041 0.000000 0.000000 0.000000
-142.579234 54.000000 82.000000 -144.565932 -135.547706 0.000000 0.000000 0.000000
-140.983008 54.000000 84.000000 -143.060356 -134.931386 0.000000 0.000000 0.000000
-139.914344 54.000000 86.000000 -141.544530 -134.339528 0.000000 0.000000 0.000000
-137.864747 54.000000 88.000000 -141.040350 -134.904747 0.000000 0.000000 0.000000
-137.978267 54.000000 90.000000 -140.212997 -133.817048 0.000000 0.000000 0.000000
-97.716256 56.000000 20.000000 -101.152546 -104.666736 0.000000 0.000000 0.000000
-110.437289 56.000000 22.000000 -120.157258 -118.859632 0.000000 0.000000 0.000000
-148.265772 56.000000 24.000000 -148.027528 -138.666590 0.000000 0.000000 0.000000
-147.696842 56.000000 26.000000 -147.798626 -138.831800 0.000000 0.000000 0.000000
-148.761461 56.000000 28.000000 -148.458456 -139.048375 0.000000 0.000000 0.000000
-148.285074 56.000000 30.000000 -148.455928 -138.486388 0.000000 0.000000 0.000000
-148.731167 56.000000 32.000000 -148.604359 -139.688745 0.000000 0.000000 0.000000
-148.629522 56.000000 34.000000 -148.429446 -138.958243 0.000000 0.000000 0.000000
-148.872276 56.000000 36.000000 -148.640130 -138.584381 0.000000 0.000000 0.000000
-148.680878 56.000000 38.000000 -148.717482 -139.324779 0.000000 0.000000 0.000000
-148.514319 56.000000 40.000000 -148.084569 -139.032353 0.000000 0.000000 0.000000
-148.469741 56.000000 42.000000 -148.816222 -139.912966 0.000000 0.000000 0.000000
-148.680231 56.000000 44.000000 -147.934938 -139.217312 0.000000 0.000000 0.000000
-147.668316 56.000000 46.000000 -148.034770 -139.118083 0.000000 0.000000 0.000000
-148.135163 56.000000 48.000000 -148.699158 -139.160001 0.000000 0.000000 0.000000
-147.799182 56.000000 50.000000 -147.759518 -138.569938 0.000000 0.000000 0.000000
-147.696308 56.000000 52.000000 -148.308200 -138.307470 0.000000 0.000000 0.000000
-147.994608 56.000000 54.000000 -148.199183 -138.970684 0.000000 0.000000 0.000000
-147.704451 56.000000 56.000000 -147.871902 -139.175835 0.000000 0.000000 0.000000
-147.513725 56.000000 58.000000 -147.931536 -138.473653 0.000000 0.000000 0.000000
-147.580060 56.000000 60.000000 -147.108924 -138.759231 0.000000 0.000000 0.000000
-147.514203 56.000000 62.000000 -147.893731 -138.437184 0.000000 0.000000 0.000000
-147.318249 56.000000 64.000000 -147.571162 -137.878773 0.000000 0.000000 0.000000
-146.580398 56.000000 66.000000 -147.448840 -137.481858 0.000000 0.000000 0.000000
-146.244860 56.000000 68.000000 -147.496475 -137.009034 0.000000 0.000000 0.000000
-146.148927 56.000000 70.000000 -146.664833 -137.240646 0.000000 0.000000 0.000000
-145.777077 56.000000 72.000000 -146.649408 -136.241710 0.000000 0.000000 0.000000
-144.876336 56.000000 74.000000 -145.343643 -135.995331 0.000000 0.000000 0.000000
-144.352423 56.000000 76.000000 -145.745139 -135.955992 0.000000 0.000000 0.000000
-143.879664 56.000000 78.000000 -145.472072 -135.309150 0.000000 0.000000 0.000000
-143.032055 56.000000 80.000000 -144.615764 -135.237112 0.000000 0.000000 0.000000
-141.970386 56.000000 82.000000 -143.425635 -134.748352 0.000000 0.000000 0.000000
-140.687347 56.000000 84.000000 -142.938954 -134.355886 0.000000 0.000000 0.000000
-139.987241 56.000000 86.000000 -141.858831 -133.143047 0.000000 0.000000 0.000000
-138.097886 56.000000 88.000000 -141.085343 -133.358526 0.000000 0.000000 0.000000
-137.822810 56.000000 90.000000 -140.769955 -133.331564 0.000000 0.000000 0.000000
-142.482205 58.000000 20.000000 -145.305204 -137.788537 0.000000 0.000000 0.000000
-147.771601 58.000000 22.000000 -147.946303 -138.241194 0.000000 0.000000 0.000000
-148.077265 58.000000 24.000000 -148.205481 -138.483839 0.000000 0.000000 0.000000
-148.117367 58.000000 26.000000 -148.276235 -138.518241 0.000000 0.000000 0.000000
-148.805115 58.000000 28.000000 -148.089816 -138.792908 0.000000 0.000000 0.000000
-148.590490 58.000000 30.000000 -148.541937 -138.425640 0.000000 0.000000 0.000000
-148.142723 58.000000 32.000000 -148.163618 -138.819197 0.000000 0.000000 0.000000
-148.177350 58.000000 34.000000 -147.412614 -139.055489 0.000000 0.000000 0.000000
-148.422639 58.000000 36.000000 -148.387276 -138.489755 0.000000 0.000000 0.000000
-148.300112 58.000000 38.000000 -148.657309 -138.916888 0.000000 0.000000 0.000000
-148.824339 58.000000 40.000000 -148.011402 -138.790701 0.000000 0.000000 0.000000
-148.790484 58.000000 42.000000 -147.779276 -138.791347 0.000000 0.000000 0.000000
-148.255680 58.000000 44.000000 -147.337521 -138.687343 0.000000 0.000000 0.000000
-148.194277 58.000000 46.000000 -148.069172 -138.866262 0.000000 0.000000 0.000000
-147.866758 58.000000 48.000000 -148.706365 -138.453364 0.000000 0.000000 0.000000
-148.421515 58.000000 50.000000 -148.503611 -138.651289 0.000000 0.000000 0.000000
-148.259731 58.000000 52.000000 -148.429931 -138.309418 0.000000 0.000000 0.000000
-147.272081 58.000000 54.000000 -148.249869 -138.222119 0.000000 0.000000 0.000000
-148.234322 58.000000 56.000000 -148.313091 -138.150164 0.000000 0.000000 0.000000
-148.005229 58.000000 58.000000 -147.645448 -138.425037 0.000000 0.000000 0.000000
-147.161760 58.000000 60.000000 -147.498567 -137.624216 0.000000 0.000000 0.000000
-147.286785 58.000000 62.000000 -147.620112 -137.872165 0.000000 0.000000 0.000000
-147.133247 58.000000 64.000000 -146.954723 -137.688706 0.000000 0.000000 0.000000
-146.605427 58.000000 66.000000 -146.913991 -137.067253 0.000000 0.000000 0.000000
-146.672022 58.000000 68.000000 -146.887669 -136.690872 0.000000 0.000000 0.000000
-146.436127 58.000000 70.000000 -147.147853 -136.420437 0.000000 0.000000 0.000000
-145.912870 58.000000 72.000000 -146.822931 -135.999850 0.000000 0.000000 0.000000
-145.100269 58.000000 74.000000 -146.128058 -135.356374 0.000000 0.000000 0.000000
-144.843778 58.000000 76.000000 -145.841859 -136.036491 0.000000 0.000000 0.000000
-143.524195 58.000000 78.000000 -145.033653 -135.653760 0.000000 0.000000 0.000000
-142.653719 58.000000 80.000000 -143.915520 -134.442897 0.000000 0.000000 0.000000
-141.396418 58.000000 82.000000 -142.999362 -134.335475 0.000000 0.000000 0.000000
-139.706492 58.000000 84.000000 -141.916263 -133.652693 0.000000 0.000000 0.000000
-138.032818 58.000000 86.000000 -140.663178 -133.486579 0.000000 0.000000 0.000000
-138.090508 58.000000 88.000000 -140.494182 -132.748383 0.000000 0.000000 0.000000
-137.793037 58.000000 90.000000 -140.134567 -132.984296 0.000000 0.000000 0.000000
-145.950683 60.000000 20.000000 -146.668637 -137.723613 0.000000 0.000000 0.000000
-146.883287 60.000000 22.000000 -147.178523 -138.068399 0.000000 0.000000 0.000000
-148.582351 60.000000 24.000000 -147.530546 -138.349345 0.000000 0.000000 0.000000
-148.096821 60.000000 26.000000 -148.002901 -137.744842 0.000000 0.000000 0.000000
-148.501559 60.000000 28.000000 -148.388618 -137.744957 0.000000 0.000000 0.000000
-148.426498 60.000000 30.000000 -148.186445 -138.184718 0.000000 0.000000 0.000000
-148.810153 60.000000 32.000000 -148.349429 -138.228900 0.000000 0.000000 0.000000
-148.985387 60.000000 34.000000 -148.597255 -138.323016 0.000000 0.000000 0.000000
-148.647636 60.000000 36.000000 -148.540165 -138.407416 0.000000 0.000000 0.000000
-149.294400 60.000000 38.000000 -148.482250 -138.244385 0.000000 0.000000 0.000000
-148.732404 60.000000 40.000000 -148.630320 -138.085980 0.000000 0.000000 0.000000
-148.775222 60.000000 42.000000 -148.355245 -138.274609 0.000000 0.000000 0.000000
-148.376975 60.000000 44.000000 -148.516148 -138.640139 0.000000 0.000000 0.000000
-147.847855 60.000000 46.000000 -147.683939 -138.834719 0.000000 0.000000 0.000000
-147.878965 60.000000 48.000000 -147.759077 -138.176035 0.000000 0.000000 0.000000
-148.028961 60.000000 50.000000 -148.032355 -137.851571 0.000000 0.000000 0.000000
-148.172119 60.000000 52.000000 -147.980402 -137.517135 0.000000 0.000000 0.000000
-148.310727 60.000000 54.000000 -147.840674 -138.013335 0.000000 0.000000 0.000000
-147.946965 60.000000 56.000000 -147.504849 -137.678303 0.000000 0.000000 0.000000
-147.266269 60.000000 58.000000 -147.462138 -137.588289 0.000000 0.000000 0.000000
-147.809462 60.000000 60.000000 -148.506108 -137.443579 0.000000 0.000000 0.000000
-147.581148 60.000000 62.000000 -147.760149 -137.538999 0.000000 0.000000 0.000000
-147.658884 60.000000 64.000000 -147.789363 -137.163010 0.000000 0.000000 0.000000
-147.396514 60.000000 66.000000 -147.347445 -137.029821 0.000000 0.000000 0.000000
-146.918313 60.000000 68.000000 -147.045955 -136.587801 0.000000 0.000000 0.000000
-146.238994 60.000000 70.000000 -146.992130 -135.868992 0.000000 0.000000 0.000000
-145.727481 60.000000 72.000000 -146.127343 -136.098396 0.000000 0.000000 0.000000
-145.069186 60.000000 74.000000 -145.603416 -134.702812 0.000000 0.000000 0.000000
-144.085388 60.000000 76.000000 -145.332617 -135.386448 0.000000 0.000000 0.000000
-143.525784 60.000000 78.000000 -145.111594 -134.528096 0.000000 0.000000 0.000000
-143.026002 60.000000 80.000000 -143.999413 -134.789316 0.000000 0.000000 0.000000
-141.332379 60.000000 82.000000 -143.044091 -133.338319 0.000000 0.000000 0.000000
-140.151603 60.000000 84.000000 -141.546628 -133.678576 0.000000 0.000000 0.000000
-138.209079 60.000000 86.000000 -141.199023 -132.865511 0.000000 0.000000 0.000000
-137.393255 60.000000 88.000000 -140.147265 -132.541055 0.000000 0.000000 0.000000
-137.803614 60.000000 90.000000 -140.433841 -132.714055 0.000000 0.000000 0.000000
